2019年01月02日09点30分	-29318938.12,7595377.66,36914315.78,0,0,1760063,16400662.75,813100,7595377.66,2207200,20513653.03,655500,6111914.03,3419797,31824155.76,728003,6789832.23,1431937,13352207.23
2019年01月02日09点50分	3519979.88,21347946.72,17827966.84,735000,6815220.12,348000,3221788,1567819,14532726.59,1578040,14606178.84,1534900,14222001.14,1485000,13738414.37,670100,6208446.04,660510,6115087.93
2019年01月02日10点10分	-8715520.28,4216277.97,12931798.25,184500,1706625,900100,8316045.25,271661,2509652.97,498939,4615753,535950,4960349.50,515600,4768171.01,394200,3648705.01,461158,4265036.61
2019年01月02日10点30分	-5028422.31,1718582,6747004.31,0,0,336000,3106185,185900,1718582,394400,3640819.31,316861,2927341.93,880339,8128984.86,324200,2995998.96,546800,5050375.94
2019年01月02日10点50分	-2428363.03,3588315.97,6016679,0,0,170000,1567400.12,388400,3588315.97,481900,4449278.88,227000,2098173,1100600,10158641.87,341300,3153594.95,478989,4422062.40
2019年01月02日11点10分	-1926008,1798279,3724287,114900,1060527,271000,2499987,79800,737752,132500,1224300,179500,1659163.98,576783,5324877.76,282820,2613903.78,212743,1964274.85
2019年01月02日13点00分	-15708040.91,816854.94,16524895.84,0,0,1449812,13363837.25,88500,816854.94,343100,3161058.59,247140,2280426.34,743572,6853064.07,343588,3170187.87,572528,5276505.83
2019年01月02日13点20分	-9563115.88,4781943.22,14345059.09,150258,1383876.25,902000,8301769.50,368500,3398066.97,656122,6043289.59,450200,4148750.99,724912,6676725.72,488021,4496716.40,429187,3952530.62
2019年01月02日13点40分	-15660969.78,2470184,18131153.78,172800,1591488,1258000,11574212.88,95200,878696,712100,6556940.91,336500,3104233.93,774900,7137923.93,302340,2788200.96,563260,5190261.54
2019年01月02日14点00分	-1554112.72,5288342.91,6842455.62,119900,1099483,296040,2717647.25,455800,4188859.91,449396,4124808.38,509900,4691263.97,920200,8451307.54,627400,5772101.95,493520,4534638.57
2019年01月02日14点20分	89064.94,1561363.94,1472299,0,0,0,0,169200,1561363.94,159800,1472299,441900,4077136.97,333500,3074686.94,277900,2564119.96,304791,2810042.49
2019年01月02日14点40分	-9036025.66,4878420.53,13914446.19,0,0,857900,7891101,529780,4878420.53,655093,6023345.19,436040,4013130.21,832486,7657544.80,520665,4789683.36,605569,5570552.90
